%YAML 1.2
---
my tree:
  maxAngle: 0.900000
  startThikness: .nan
  minSizeDec: 0.040000
  maxSizeDec: 0.080000
  endThikness: .nan
  minBranchSize: 22.000000
  minAngle: 0.400000
  maxDivisions: 3
  truncSize: 50.000000
  depth: 15
  maxBranchSize: 30.000000
  minDivisions: 1
